image_width: 640
image_height: 480
camera_name: back_camera_info
camera_matrix:
  rows: 3
  cols: 3
  data:
  - 393.81557558161074
  - 0.0
  - 317.6516707587791
  - 0.0
  - 393.77383628574114
  - 233.76998039600883
  - 0.0
  - 0.0
  - 1.0
distortion_model: plumb_bob
distortion_coefficients:
  rows: 1
  cols: 5
  data:
  - -0.05621322446269695
  - 0.07472515985674429
  - -0.00014691840871665918
  - 0.0005699375812594479
  - -0.03805381253871159
rectification_matrix:
  rows: 3
  cols: 3
  data:
  - 1.0
  - 0.0
  - 0.0
  - 0.0
  - 1.0
  - 0.0
  - 0.0
  - 0.0
  - 1.0
projection_matrix:
  rows: 3
  cols: 4
  data:
  - 393.81557558161074
  - 0.0
  - 317.6516707587791
  - 0.0
  - 0.0
  - 393.77383628574114
  - 233.76998039600883
  - 0.0
  - 0.0
  - 0.0
  - 1.0
  - 0.0
