image_width: 640
image_height: 480
camera_name: front_camera_info
camera_matrix:
  rows: 3
  cols: 3
  data:
  - 396.0710341603342
  - 0.0
  - 315.7040109131985
  - 0.0
  - 396.09717702721105
  - 238.44315183846572
  - 0.0
  - 0.0
  - 1.0
distortion_model: plumb_bob
distortion_coefficients:
  rows: 1
  cols: 5
  data:
  - -0.05431546428894861
  - 0.06166535760480882
  - 0.001083637411317939
  - 0.0009118986369852426
  - -0.019070880778187204
rectification_matrix:
  rows: 3
  cols: 3
  data:
  - 1.0
  - 0.0
  - 0.0
  - 0.0
  - 1.0
  - 0.0
  - 0.0
  - 0.0
  - 1.0
projection_matrix:
  rows: 3
  cols: 4
  data:
  - 396.0710341603342
  - 0.0
  - 315.7040109131985
  - 0.0
  - 0.0
  - 396.09717702721105
  - 238.44315183846572
  - 0.0
  - 0.0
  - 0.0
  - 1.0
  - 0.0
